,f0,f1,f2,f3,f4,f5,f6,f7,f8
f0,1.0,7.622900263386404e-17,-5.690902220606929e-17,-1.0832131944117306e-19,-8.776536782134541e-17,-1.163063915080259e-16,1.225880174154798e-17,-1.1648728228031793e-16,-6.686034660354408e-17
f1,7.622900263386404e-17,1.0,8.412903744201532e-17,5.704777009835648e-17,-7.063391386309895e-17,-1.6236779989573576e-17,-5.193758016430758e-17,-2.2028046356033803e-17,6.774951447393413e-17
f2,-5.690902220606929e-17,8.412903744201532e-17,1.0,-3.472742631505307e-16,1.6090227314215595e-16,4.359075105978207e-17,9.344594636105471e-17,-1.182667458015691e-16,-6.644329663458443e-17
f3,-1.0832131944117306e-19,5.704777009835648e-17,-3.472742631505307e-16,1.0,5.297335901462545e-16,3.9557743536717743e-17,3.0479509299953383e-16,2.142063501519168e-16,1.562443519593582e-16
f4,-8.776536782134541e-17,-7.063391386309895e-17,1.6090227314215595e-16,5.297335901462545e-16,1.0,-2.358915472507782e-16,2.8075752725610965e-16,2.354008627504488e-16,1.4234964601988678e-16
f5,-1.163063915080259e-16,-1.6236779989573576e-17,4.359075105978207e-17,3.9557743536717743e-17,-2.358915472507782e-16,1.0,-1.5752939279253768e-16,-1.5048837757555744e-16,-5.324845145473366e-16
f6,1.225880174154798e-17,-5.193758016430758e-17,9.344594636105471e-17,3.0479509299953383e-16,2.8075752725610965e-16,-1.5752939279253768e-16,1.0,-5.744235713771274e-16,1.288713173202565e-15
f7,-1.1648728228031793e-16,-2.2028046356033803e-17,-1.182667458015691e-16,2.142063501519168e-16,2.354008627504488e-16,-1.5048837757555744e-16,-5.744235713771274e-16,1.0,-1.3675814123295062e-17
f8,-6.686034660354408e-17,6.774951447393413e-17,-6.644329663458443e-17,1.562443519593582e-16,1.4234964601988678e-16,-5.324845145473366e-16,1.288713173202565e-15,-1.3675814123295062e-17,1.0
